0.28872606900170883
0.17019362974015972
0.14076833830918442
0.1259461422509785
0.11343646102942495
0.10187575428546229
0.09213654107496708
0.08376964316840917
0.08080855885889962
0.07273033049099054
0.07022192586166194
0.0659302643771413
0.06458861985978698
0.06317248222917192
0.05608402443303086
0.05676039034021303
0.053868885336734576
0.05228637756174627
0.05246354821865066
0.05174616316356991
0.04795213077484555
0.04799991127355063
0.04541004482138006
0.04425846256378582
0.04441769492619903
0.040402670972489355
0.04185400582567046
0.04341709824428277
0.04476366600784069
0.040910078668456036
0.03902337601887777
0.03866694465216705
0.03842150538625345
0.036146986695155814
0.03573414064032116
0.035289531353593875
0.034798897233033234
0.034712968720319655
0.032559677919192155
0.03251274019275411
0.03134065516733168
0.03304526172892705
0.031302404468132476
0.030538654791874977
0.0316199854346393
0.03350458487098101
0.03333220176618813
0.032378971234812766
0.034027268917531654
0.03008099478366883
0.032736119810287456
0.03207352202982968
0.028502414077677556
0.029643031218352447
0.02828240636657562
0.026855393996627272
0.03271936965941251
0.02981710099941316
0.027642279065642428
0.02674334970959128
0.02563484373034807
0.028461704225149712
0.02784779343266779
0.02616318814723678
0.025564572078329097
0.024491061947705374
0.025734634842047712
0.025553755737243826
0.026274833914662715
0.02609617342457238
0.029765720990042394
0.026827998184264963
0.025848541640625472
0.025184774229043645
0.027446737045320024
0.025229871642426096
0.02445116529893523
0.02354394879883729
0.023362038201231998
0.02402047900962427
0.024818872757853334
0.024785834352804136
0.024111444134469525
0.024453329264268846
0.02346873429568508
0.022116785845424557
0.02298150060281849
0.02327512963458833
0.02478040992144794
0.029183850148181874
0.024345174934793625
0.028494967450289534
0.02645694648548332
0.023405937878768657
0.02184499705304639
0.022870019310102935
0.02113145389024341
0.022042529064108803
0.024062805632247202
0.02217847301392867
0.02233344390359609
0.019693485936660808
0.02147527992772528
0.02107995387386798
0.0207063206373262
0.020514884201283192
0.0212648408723217
0.0205907994362561
0.01913113728212782
0.019903942981915636
0.020170769477380984
0.019417051379156263
0.020564011897388768
0.02038137828891916
0.019424710965043383
0.01897943363316703
0.020746686759125835
0.01900551015833385
0.01857093105854993
0.020252265582324836
0.020861650624544308
0.021336213241523832
0.019670674909409214
0.021756175536080755
0.024289670867947588
0.022924612484526534
0.02096674178495123
0.020865169998242634
0.019417063242712605
0.02039590974845275
0.020014984366181404
0.02154244937568526
0.019466749529986945
0.018903853862943278
0.017649719676293654
0.018762381778802045
0.02109799081388908
0.019692810213012533
0.018903173738108153
0.020101297972920325
0.01947862061550094
0.018281454599623565
0.017692455330289868
0.017827729859589775
0.020293477403966687
0.02352947184132247
0.022135030550937237
0.019581812760057833
0.018413143126364752
0.018385259858980964
0.017386151002209145
0.018431250253527223
0.018683356869541392
0.02071625292536956
0.018796284223281886
0.017714268549537986
0.021923294878380083
0.02166008410134396
0.01839824961419787
0.01995635157616078
0.01657953424544274
0.016758213088875203
0.018123767601978428
0.020427457740695418
0.017969164073875936
0.018623779127020623
0.017140955216239526
0.016657993885126548
0.017925836055496323
0.017529241265218216
0.01705684187087203
0.015849446716722306
0.01687966783841451
0.01685838051187464
0.01829058148815662
0.017653454285712307
0.01832889248558049
0.021058563021196342
0.0184615764016372
0.017230001867666274
0.016304115411129933
0.016443030311399875
0.018554141067109908
0.017471390430528654
0.016306320116914148
0.01714010318183195
0.015232253434600206
0.015605443283003846
0.01655877736605358
0.016805898115227494
0.01755095715929247
0.017533804429498527
0.017321698689825422
0.016266282197905366
0.01830713195089675
0.018379665647912376
0.017412253891271125
0.015224732994986109
0.01607207577078277
0.016180600748959346
0.016535435980067976
0.017444957660723338
0.015313887174873916
0.015310653184740982
0.017272158419784113
0.016587350238507558
0.01633916248838547
0.01503723427724046
0.014993778327755032
0.016110798556216156
0.01686271213246549
0.015131900686267685
0.015489639205473008
0.015472809632823563
0.016023195024485452
0.016140077182559397
0.014903240129823171
0.015326738422382859
0.016041614519990196
0.01589512254822732
0.014724877535243703
0.014026067412226511
0.015509490122161964
0.01456725351779647
0.014124716050482752
0.015230493934408522
0.01606731614459479
0.014665163100504548
0.014658970836911523
0.014607010908299106
0.014740097847323125
0.014356777046410217
0.015819620168158778
0.014971123051432743
0.01493913105606467
0.014013598278117708
0.013963080620401016
0.015387914732947379
0.014177287248933869
0.015187296116496692
0.015942247818275218
0.015236839373057653
0.015797720298579725
0.013960126852263001
0.01456431971906138
0.014672304984999482
0.013927863621966371
0.013732980042774592
0.01418166132918893
0.014683656665626207
0.0139641694700982
0.016061651306266148
0.01479834523680718
0.014199754211438608
0.014336075117017776
0.014082400110562015
0.017151851800392196
0.014189646927097553
0.014324269896050923
0.013176458298311204
0.014106139165392531
0.013783723870410195
0.014179176210822687
0.014431010253868903
0.014226701383710788
0.014185824093530702
0.013166591639037122
0.013140957474409905
0.012625127853943577
0.014281148295299414
0.013591834546345825
0.013892351052397665
0.013888850507526836
0.014325309167557124
0.013175254001946263
0.013344529330463224
0.01468498669446835
0.015033751460900413
0.012811883427359887
0.013315779872175762
0.013260447294431647
0.013412894700744233
0.013498268094118134
0.01392894031731451
0.013624829829587966
0.014175666070775078
0.013669417112012578
0.013125762854258722
0.013232336483722875
0.013548544900814063
0.011752649998284468
0.012699039375904617
0.01151205985885475
0.013698739335648243
0.013263086733341468
0.013539010201058181
0.013725794150340783
0.013460434277695192
0.012615676452543289
0.01267094616797843
0.013047893341033394
0.012518888164531707
0.01266234152349113
0.013909833598096034
0.012458767938400119
0.01198109109072557
0.014891019073326755
0.012773991751048383
0.012639236677720954
0.011871079647056916
0.013131748712012536
0.01259900825216046
0.012473614102441676
0.012234308122252487
0.012575230549407911
0.012673634131938094
0.012249781021196003
0.012049147735432357
0.013126612269567161
0.012206233719576009
0.012464668193069692
0.014079786526660124
0.012654664061712062
0.011851435755124071
0.012924958507722944
0.01253316017410046
0.012256260782495958
0.012971200149129086
0.012048570763414042
0.012048354669069313
0.013255649436862534
0.011581257425783052
0.011599363446263165
0.01164971380239109
0.012223144199400512
0.014856585313247728
0.01535790785950636
0.0125065679988089
0.013034685738856279
0.011593640095235992
0.011108784753640619
0.011810422900529728
0.011884240765627552
0.012046150316951899
0.012273465096557568
0.012298945287431154
0.011500021491891346
0.011976429677808084
0.01107464924666889
0.011545931904690679
0.011785436838173666
0.011980660909095206
0.011873740074126529
0.011242392268581983
0.011155269075310809
0.012674860565879928
0.010591033639834274
0.012234381254652382
0.011695876106509805
0.012248210854561143
0.012155103992340686
0.011856262467974475
0.011809418996685982
0.012139234799923147
0.010754438647646693
0.010709694368599714
0.01176387198536582
0.013371266467881856
0.011420339434348706
0.011378685087122746
0.011498615972870638
0.010901175657452284
0.011338323412683128
0.01099856911258544
0.010299242553517286
0.011363288354254347
0.011554696975385904
0.011195562748466363
0.011850729354810489
0.013281643905437193
0.011052121108649338
0.011598697362491224
0.011781997900094664
0.011980630127312262
0.010728132765630127
0.0118570703962024
0.011115685985561162
0.011815047168609085
0.012695302239733156
0.01275685547265511
0.01300764002715422
0.01806315213033167
0.013820312875971387
0.011194365259204924
0.012668015521789904
0.010951917180359238
0.013045851960542459
0.012358686216725704
0.011338321885039032
0.011464463523294352
0.01164271131468316
0.011687645551115903
0.01197769981121275
0.011136989730099836
0.012562053417590474
0.011443757742863415
0.011127130900615756
0.011020543151004593
0.010846680800434407
0.010680000993269908
0.010700685390613125
0.010687863450293048
0.011290475673077605
0.01012331993959624
0.009966685316812263
0.010590352393089468
0.00996118512609777
0.01116708434237961
0.010882869093651383
0.010907924280183601
0.011503678648280695
0.011190546039916292
0.010840788984647657
0.010935834493047955
0.011281953442778894
0.01012602133896469
0.012347244740098337
0.015278770488132781
0.01221631607433726
0.010754214982867619
0.011239949323016883
0.01110855718477303
0.010609472015251717
0.010173402184361144
0.010443702750772488
0.010637050164462645
0.010409759073655754
0.011983068282657031
0.00968832249914292
0.010433999232099027
0.010421406184932225
0.011266784272883638
0.011089950149588067
0.01115758817069201
0.010513221801804843
0.010456952533610007
0.010812930155639784
0.011610884649702643
0.010752231747163499
0.011533533026491792
0.010853349313705782
0.0118122980281522
0.010953203368271831
0.010681758169084787
0.011091374035704614
0.009751108233357154
0.01007797787425733
0.010945927176844596
0.01034570229141521
0.011147889801800126
0.009951349727039222
0.01011846029643708
0.009921737223517794
0.011107116735261326
0.009909837573515212
0.010183818052809702
0.010046572548254758
0.010818630600355974
0.01036890731527144
0.010618987743730974
0.011458478247125944
0.009920318921407064
0.010425102838043925
0.010853235181499634
0.010260698037764316
0.009728391475991232
0.010187773141059002
0.010854899590512746
0.010975337098057888
0.010311503138173105
0.009814693879351837
0.010175185456856268
0.010448046767384695
0.01061211523446667
0.010453706255520572
0.009713767129802126
0.010231631471999462
0.011012384528490687
0.012017901780531753
0.010859791254271058
0.00964335599552667
0.009516341206990969
0.010252700672575317
0.012262114624292412
0.011880483845728233
0.010601534857905867
0.00961043547744615
0.009193517348261447
0.010091129006652893
0.009463547732885377