0.12859968074011904
0.040350035666036205
0.027667216650104222
0.022691877319119903
0.017878435013760744
0.014492516496261968
0.011920238233992696
0.009972022465166914
0.00900223657669586
0.007463176176737884
0.007357849617673375
0.006178011412374707
0.005935911015501317
0.005433629198149161
0.0044836757011035705
0.004505060793918396
0.004229081584384295
0.0042188202948525615
0.004238699627686528
0.0038512109244391635
0.0032385262770711874
0.00334640505491807
0.002811995228823227
0.0027250079732812657
0.002742069832320455
0.002244674698901579
0.0025758281500444192
0.0026429840781085415
0.0033909675325286665
0.0024667909302068915
0.002232023819353636
0.002125623618755568
0.0021060541348791196
0.0018580852607893855
0.0018384761623016516
0.0017469114803744456
0.0016955867830176646
0.001688074678151165
0.0014409856779406531
0.0015185654267987024
0.0013629011362830358
0.0015985142166494444
0.0013832150074802652
0.0012890406585109857
0.0015708854685258513
0.0019507269774866193
0.0018148061925965806
0.0015621575741058035
0.0016980882972785379
0.0014057175184104922
0.0017272602955374537
0.0014111172129844124
0.0011331671369969373
0.0012135750838586832
0.0011460240945054948
0.001023071419318965
0.001508355924156239
0.0012645323226377681
0.0011352043719726462
0.0009674831546002111
0.0008959579755520676
0.0011420418313834108
0.0011549940092571646
0.0009799143385421092
0.0009400723626068892
0.0008432788639044476
0.0009181587610547019
0.0008974569098864788
0.0009901313578320927
0.0012694995996212187
0.0013154062203265223
0.0009896737682527001
0.0009802948142684808
0.0008875067684237496
0.001054293932373545
0.0008765100034834023
0.0008532535508255384
0.0007870687215533973
0.0007952941416562358
0.0008282421030524631
0.0009060096185269298
0.0009192482900868646
0.0008335843419986247
0.0008632474909742846
0.0007772140221116192
0.0007004579058838497
0.0007920639655987029
0.0007578063290075003
0.0010809102021982963
0.001493839139093248
0.0008260862452846476
0.0014177944777898869
0.0010067596390572248
0.0008255302000256405
0.0006915387733866959
0.0007719426673251491
0.000645985535197628
0.0007228310759530997
0.0008360488694662204
0.0006816566727499434
0.0006956821646470624
0.0005430657323744572
0.000642759522584263
0.0006337614177641723
0.0006014692359102914
0.0005868304657645697
0.000644461002632119
0.0005842203783747674
0.0005258988545576842
0.0005646579585014547
0.0005844171072517518
0.000532722680727295
0.000633292000363522
0.0005815658098939445
0.0005282574445736214
0.000506463963248598
0.0006396794823815709
0.0005007921347202033
0.0004754112148018876
0.0006338759569327429
0.0006305832044469028
0.000648942209175053
0.0005380032869706221
0.0006826722489489156
0.0012084869468950113
0.0008316078637864142
0.0006330489065057994
0.0006455060849575334
0.0005333876923239448
0.0005687678763043638
0.0005583837808881992
0.0006760486313446429
0.0005103573279223455
0.0004976274905419802
0.00046359768180561717
0.0005251290038412727
0.0006776569734861925
0.0005636580571098025
0.00048607698580808154
0.0006313275139118675
0.000605367266038582
0.0004894976390678955
0.00045482619426838016
0.00045909016773316866
0.000618107415385002
0.0011092129552477523
0.0007444937647868514
0.0005576305889832996
0.0005222683844160493
0.0004917818501312678
0.00043320636567561435
0.0004991528591365093
0.0005109723312790085
0.000760404622837516
0.0005317829239362938
0.0004500735942608351
0.000961666437502526
0.0007240565735375203
0.0004913672089639596
0.0005692799019584047
0.0003897727050578795
0.0004025669983354346
0.000514986795272073
0.0007807206592614908
0.0004581566439511231
0.0005161392125242119
0.00041966491788016623
0.0004039886822621436
0.0004449529393540719
0.000434578932897396
0.00041006161523825696
0.0003557762192249817
0.0004292428777170002
0.0004161947677236145
0.0004990228073807032
0.0004896904204462219
0.0004920391906210013
0.0011296401886890333
0.0005376548441235007
0.0004337002166629403
0.0003783362781292983
0.0004004230114920183
0.0005116572412996226
0.0004425269581293019
0.00037801051336755183
0.0004434921974728851
0.00031903582787925165
0.00035793678616448637
0.0003854676094770683
0.0004209032706387797
0.00044038813678598824
0.0004525757976193649
0.0004332423031345827
0.00037129077188992863
0.0004834253300435228
0.00047722340483839315
0.0004231816074562373
0.00032785062167060635
0.0003896372544801232
0.0003756691004446303
0.00040438335187750854
0.000469054680102493
0.00033463765359886447
0.00034994930712916824
0.00044865359872469545
0.00040577634120800136
0.0003704278238529324
0.0003178026088766895
0.0003274212020202756
0.000407394114894034
0.00040951764991090393
0.00034083261469944933
0.0003346312508175645
0.0003497227974813667
0.00037775785220887134
0.00037653414254520826
0.0003249438075895936
0.0003398098682745002
0.0003659863161013505
0.00038478525476048816
0.0003122973073085275
0.0002801273869623662
0.00033742757128524096
0.00030327222471121496
0.00029016134180796614
0.00032856734211650926
0.0003874229563435516
0.00029831032143691597
0.0003135294211023381
0.00031943343157824996
0.0003150538734174117
0.00028748791662382774
0.00037538769323612614
0.00032447627162264135
0.00032461196153949287
0.00027391724360916164
0.0002746402071951004
0.0003460287942304492
0.00028226678995248557
0.00032880616802643625
0.0003638314321452461
0.0003673209359806487
0.0003539298960441951
0.0002793069212463633
0.00029262920768139685
0.0003276691665943665
0.00027521809555427075
0.00027750355513512945
0.0002911798678704966
0.00032026789728051074
0.00027726189055792466
0.00039010026320502683
0.00032914593768647955
0.000336296315280866
0.00029442935738956187
0.00032129249450031525
0.0004240539411715534
0.00030137377577187406
0.000298529331567933
0.0002450750084502528
0.00027466259031253963
0.00027434436988993253
0.0002855062703326942
0.0003001464290504112
0.00028337252527457676
0.00029342762331619767
0.0002535627015894829
0.0002466185402910064
0.0002236200624512988
0.00029791235351023357
0.0002793673843313362
0.000308672112880868
0.00028240830020562506
0.00029606839584457817
0.00023945815840840167
0.00025433315814449157
0.00031392612202998786
0.00033238332891514534
0.0002364303661512313
0.0002542685295891347
0.00025942444857573414
0.0002583261735355167
0.0002702207350342059
0.0002816065672867566
0.00027310373027021075
0.00032227660571313403
0.00026884972449895073
0.00024080407923138562
0.0002564330952967034
0.00026509595975571584
0.00019892515146879887
0.0002315904003742862
0.00018711217138390665
0.0002740642571878788
0.00025832604447169474
0.0002593559743851258
0.0002889158473132013
0.0002513983210657806
0.00022948912321786369
0.00022373994008514182
0.00024221623119311642
0.0002233034894651368
0.00023747644451533283
0.0002822663437551524
0.00021627366285302524
0.00020014274423182568
0.0003688688505267064
0.00023024307255916108
0.0002349824426653461
0.0001972889384492556
0.0002588539567033324
0.00024082010764410553
0.00023187884539861884
0.00021187047873680648
0.00022812364173498996
0.0002285995860073228
0.0002287363929832197
0.00020802645432715645
0.00024203656670855524
0.00021923401020663763
0.00022388798721824314
0.00029186936100760184
0.00023299959501229964
0.000215822867575133
0.00025613165310955357
0.00023195547784112772
0.0002218632426057384
0.0002639084697169554
0.00020762096318310198
0.00022315239570131092
0.0002541401856264516
0.00019588411733717362
0.00019064054967843404
0.0002029977673404351
0.00022718246745236437
0.0005627924331782174
0.0003697019032195784
0.0002271166850590709
0.0002599193070836381
0.0002014320677137474
0.0001886204101637945
0.00019897273798150948
0.0002141833712566911
0.00020870353560157923
0.0002262360197889819
0.00022201840666919467
0.00021141163244296283
0.00021344912029657402
0.00018652752792744658
0.00018645835895963672
0.0002001649545375965
0.00021751325556375716
0.00022397893380259756
0.00019176613236998526
0.00019314227724459636
0.0002278583937222413
0.00016238382869628002
0.0002356102436025458
0.0001974304238658984
0.00022223967870202245
0.00023522815313548802
0.00019400918174472163
0.0002084351116486821
0.000239006981434387
0.00016122207190828665
0.00017619880976328303
0.00023305622234749942
0.00027195134678833924
0.00018204521540825488
0.00019969897937100335
0.00019501282838183036
0.00017459931094955872
0.00018675776301904775
0.00017305426469651337
0.00015202529571472985
0.00021471883654633717
0.000193857602057448
0.00018965259375137116
0.00020256716232301808
0.00027062028531281803
0.00016920273416952666
0.00019645564718479447
0.00022784393206572767
0.0002245606836997452
0.00016862857997302508
0.00020508820190780132
0.00021664573392734512
0.0002050745610222869
0.00023792429622321662
0.00023213293985954882
0.00025079118796203774
0.0010203985805094698
0.0003147336078674104
0.00018112922395173783
0.0002619228257629667
0.00016808303941619868
0.0003065378686981983
0.00024169704360216422
0.00018784887342073242
0.00019150317901620674
0.00019313517842738483
0.0002001202902582254
0.00021978583657683782
0.00018187098176599743
0.0002550340757630608
0.00020207394440540502
0.00018039719436911057
0.00018396555785755804
0.00016764162401428038
0.00016404130976973297
0.0001757666544449901
0.00016994158049553186
0.00019398968856396617
0.00014177972596617148
0.00014125400238556448
0.00016500154979362934
0.00014678638700208182
0.0001970058189653929
0.00017878178604470785
0.00017078962608192406
0.0002051397247749817
0.00018194238531240163
0.0001662116011340399
0.00017043930127920057
0.00018271363353457908
0.00014772706406357018
0.0008006153531155926
0.0004157264103409579
0.00022465830181532772
0.00016406199854075563
0.00019630180808242984
0.00019379304839533415
0.00016224957929623514
0.00014980085784046743
0.00015482234009413858
0.00017234878910495213
0.00016065242435397062
0.00020617708156842204
0.00013338403203053093
0.0001663307953190711
0.0001601778305853316
0.0001895698141991868
0.00017522673507197465
0.0001932090943588832
0.00016337344814671543
0.00016349242953301156
0.00016863409229377402
0.00019911098651802128
0.00017833809065853564
0.00020221136642997213
0.00017173500282872657
0.00022704612546234945
0.00018551981089860674
0.00016816658518505027
0.00017293265648996692
0.0001369249610142401
0.00014739412493131396
0.00018566153666745274
0.0001527180765715687
0.0001865696352142703
0.00013804212054149308
0.0001422913698933897
0.0001406285816689124
0.00018097871039180627
0.00013790859551368408
0.000151446236601789
0.0001398976026793042
0.00018161590333157592
0.00016526028413579993
0.00016394679986956267
0.0002271145801583034
0.00013661988219909393
0.00016458508432577542
0.00017537681741629165
0.0001534531855420799
0.000140261055243679
0.00016262903126160012
0.0001772512320256183
0.00018341026315809412
0.00014939068770306263
0.0001422939558362663
0.000149736599622143
0.00015809429298107853
0.00016969380690765327
0.00015045159873611566
0.00013440797042311856
0.00017716263738688757
0.00018101487322125923
0.0002653092398398599
0.00016849291572157679
0.00013252151800287134
0.00012796295137561657
0.00016410439631327954
0.0002445564965102507
0.00020413924818357476
0.00016697029937314114
0.00013097753032490823
0.00012513299094771431
0.00015698535430352183
0.0001392264533672533