0.06129250221889793
0.1235804950558327
0.16376254530151999
0.19636806603206738
0.217852874049909
0.25557701292797486
0.2855756832011641
0.31576223102425727
0.32395710454632837
0.3616116151590891
0.378167829794597
0.3950442758542073
0.4011821065899692
0.4047767064428028
0.44744734220866916
0.44214727487493666
0.46305378328395796
0.47384093802438004
0.4774342855823694
0.4742341441444204
0.49793310325105483
0.49938221043172265
0.5131024192028408
0.5233006483643367
0.5216833270048793
0.5493833689875743
0.5411472910315679
0.5285849949730097
0.5262799993597506
0.5508371162137905
0.5637836766268131
0.563216874996821
0.5672800574247344
0.5843200243475065
0.5875759657928209
0.5911518583695093
0.5929212091089804
0.5952029050905493
0.6118377574133974
0.6152620929202953
0.6234335352348376
0.6104201982544444
0.6245600383744461
0.6291228041115693
0.6246062315969024
0.6127278387295043
0.6124989806599758
0.6181948982210602
0.6025012841581795
0.6371880870956912
0.619084664034944
0.6153319358574187
0.6483734872522233
0.636343083929915
0.6518147810350491
0.6647686713104006
0.6117351349396042
0.6375241292176871
0.6582524462088251
0.6621407819951134
0.6734431575873733
0.6480232841857878
0.6560056928843888
0.6704256489307066
0.6778058594540705
0.6866260896503674
0.6746138345591629
0.6757913417957
0.6702171017097521
0.6723491513024905
0.6405496554535652
0.6625392083628772
0.674333406400077
0.6802183980680216
0.6560880579525912
0.6781366774301488
0.6881789516044569
0.6964758225885624
0.6974376193581754
0.6915217714722146
0.6841283138794235
0.6864533880843392
0.6913746952507567
0.6874889925059386
0.6970912965038155
0.7127395504889106
0.703720615382939
0.6981542805830637
0.6865041831877664
0.653795220303636
0.6883442201946355
0.657559542087563
0.6692957410329505
0.7013968693304665
0.7144035185188181
0.7040046178087404
0.7213307160113934
0.7136555872386015
0.6910170423582134
0.7079797595865113
0.7073437268472422
0.7362928992836787
0.7159963422435246
0.7206527941589114
0.7250742703550476
0.7261715742606151
0.7187299015401285
0.7251697585049561
0.7424660533792359
0.7336095237027743
0.7302978081542228
0.7383653815788559
0.7279057672506646
0.7279247268091275
0.7378330626819707
0.7432319174838972
0.7255581253943061
0.7431035751028906
0.7474010713744265
0.7320937370952172
0.7228804502306105
0.7173412908733142
0.7360837097409405
0.7155575827707218
0.695358864491499
0.7069999034897687
0.7237234173444757
0.7251309106118569
0.7380282213039036
0.726376546460365
0.7314912966032069
0.7157571759656511
0.7360249313875593
0.743500256965935
0.7587411152159614
0.7454918854347261
0.7225114572400282
0.737022437375306
0.7430208908857675
0.7332002099304763
0.7421958294347368
0.7520624091102102
0.7571423319070149
0.756922020313609
0.7313986276020984
0.7047041498659029
0.7121651388924836
0.7381082197281882
0.7518738603793116
0.750651402312492
0.7610569254255496
0.7505234891100775
0.7482441268892731
0.7297179573195897
0.7476170884154517
0.7577515381549481
0.7188582857952842
0.7167569441634392
0.7505528975891161
0.7334659330955537
0.76976706559145
0.7683667431149301
0.7542262186732474
0.7333309780570525
0.7550335130359553
0.7490803809357092
0.7635421184547843
0.7698465956665795
0.754563217298894
0.7584826462127991
0.7635894607642532
0.7783650617559248
0.7685182681818049
0.767688932298105
0.7526755151869375
0.7600930799663318
0.7515973188454592
0.7326599203584566
0.7519229893191455
0.7643219736809469
0.7732127274893508
0.7730557625555288
0.7493925441669512
0.7610062343158802
0.7739799867702436
0.7651628192970018
0.785535742524807
0.7813522594387521
0.7689253055345157
0.7686613013472738
0.7598652976726178
0.7600603314894664
0.7617783161658275
0.773581212331474
0.7521930676472338
0.7507293478346072
0.7605766886648749
0.7851147346104248
0.7784289136717591
0.7749739789761572
0.7711702348813729
0.7616607451237707
0.7855717566194413
0.7868408916620263
0.7630042468948204
0.7704858109669344
0.77348294514644
0.7882347516872712
0.7895644686896087
0.7776617045643963
0.7678174502235927
0.7886399116194198
0.7831593935499714
0.7829841734990792
0.7775781026369408
0.7756143729143505
0.7910229392695528
0.7845193343826488
0.7765238750333021
0.7799930962329172
0.7921754724114253
0.8008442439358948
0.7822357081662753
0.7932711737819865
0.7997537184868181
0.7854510705430799
0.7768165604977668
0.7921227777557533
0.7926031476837673
0.7936005767136184
0.7915693933953716
0.7953573327024275
0.7798423314396339
0.7899373407605328
0.7899089702071017
0.7997214804218791
0.8011496422914514
0.7858585447450227
0.7970651640922208
0.7865332961082458
0.778676830640825
0.7875952638905762
0.778751329153399
0.8012014793444283
0.7932626767249047
0.7937072916624415
0.800920513234561
0.8039110683942143
0.798235957003847
0.7937016776342433
0.8010356365879879
0.7772213386583932
0.79192097830873
0.8018560523976757
0.796035241351349
0.8007237820685664
0.7662811074327316
0.7992622511547829
0.7971125561979753
0.8095984838682891
0.7980745842185202
0.8031048924359592
0.7977741131802651
0.7954575478527617
0.7972637592237207
0.799132747614937
0.8111460090689518
0.8116520522515985
0.8172670948606
0.7972813820788629
0.8070441371277918
0.8039844889932544
0.8020829835018528
0.7972007134795692
0.8106693487127119
0.8075431571479588
0.7914912944604576
0.7888426120522656
0.815419163382003
0.8081879379377084
0.8097592985831232
0.808104857110776
0.8068038796070759
0.801136036085177
0.8054825512668754
0.8000191575867214
0.8047171105563892
0.8107297766309247
0.8099321265260881
0.8062864597336652
0.8287823769865157
0.816765318062738
0.8318157847420575
0.8046692655056338
0.8098541607585135
0.806556527373157
0.8055211807353587
0.8063627110503394
0.8179823094782447
0.8157947372786606
0.8117338202673675
0.8182095857612192
0.817324043326237
0.8017856029770042
0.8184863237137533
0.8255882992523129
0.793058151182746
0.815035109278522
0.8174587099612514
0.8269501703197946
0.8110548295552218
0.8190071662015552
0.8204471248866133
0.8221639936734856
0.8188521193049628
0.8163518359892479
0.8224237136196989
0.8245085710463141
0.8106711964566999
0.8231391079315153
0.8199344061095001
0.7992330035076866
0.8171198518970345
0.8284137203723569
0.8147981217138878
0.8199054011564214
0.8226845827786732
0.8142547008860463
0.8244341088749688
0.8257511624052555
0.8106340501881852
0.8307709250017561
0.8295887884711415
0.8303880139493741
0.8237600317735713
0.7997384454882095
0.788954225270557
0.8193677123085858
0.813643179236585
0.830210215808973
0.8374839907960047
0.82793010148821
0.8275657014504767
0.8245104499758548
0.8218141659654142
0.8224343423601947
0.8331439175686253
0.8257037265391289
0.8382517031476467
0.8304356137911478
0.8281906273546098
0.8270022117135897
0.8285962848723689
0.8350210999637716
0.8375912375339476
0.8164198153381106
0.8437006794199159
0.8244076329696027
0.8295126616451811
0.8219793044062104
0.8248418388487417
0.8261239410452702
0.8282602917292953
0.8246080588690842
0.8405802483800091
0.8430602912661396
0.8296793011421896
0.8093640882254652
0.8318838562643478
0.833576684133916
0.8321094477729958
0.8397590443806306
0.8330065049702609
0.8386996382147954
0.8472314524751172
0.8355460630941994
0.8315203368412292
0.8363592863585878
0.8273868648814753
0.8095176481496432
0.8366061534559677
0.8298309014064853
0.8296850112420094
0.826766793989431
0.8418462012387529
0.8277161078614022
0.837982597230356
0.8282148025709869
0.8171931867358051
0.8159361662743967
0.8129527995103523
0.7666591091498041
0.805210231980191
0.8344713785225832
0.8174824814001719
0.8384379676625698
0.8151703561157114
0.8221281668807887
0.8341135807681185
0.8323505288186456
0.828354436636977
0.8294634731007025
0.826149583491595
0.8364320360910037
0.8193003049882656
0.833417219954704
0.8362456742469772
0.8392932213811432
0.8407100937034511
0.8416444021689741
0.8425305802610856
0.8421729765360868
0.8348571453164901
0.8488069994037162
0.8505630906875626
0.8427291547698814
0.851805545232467
0.8363135995241157
0.8405557771523794
0.8390347237073923
0.8326848770495708
0.8360056311269349
0.8396480742386122
0.8389104076578647
0.8339757167337313
0.84941156742945
0.8319593163733744
0.7901979782913304
0.8241976217881537
0.8412409237416988
0.8351950973649568
0.8382203763798822
0.8429907049810836
0.8493889259638162
0.8449520063802662
0.8428287497301142
0.84605144460996
0.8248358228035617
0.8553032359493433
0.8455941386615173
0.8453794876231423
0.8347856465271254
0.8372830842869191
0.8362543707406973
0.8447307609807589
0.8452048216188004
0.8406028895941464
0.8310789214407844
0.8422261089212281
0.8318659456973337
0.8405550691900374
0.8291853691455181
0.8393897352590842
0.8430104073341386
0.8361228849062939
0.8549582887802446
0.8500497907022887
0.8398801538511671
0.8465420603752136
0.8362560621796781
0.8511263920536524
0.8488861693360131
0.8517963311591732
0.8370278959284352
0.852587155274701
0.8481788003997963
0.8502465099222046
0.839972573870848
0.8468596931499771
0.8424165661324932
0.8330266510886986
0.8512076412323658
0.845123822301752
0.8403752658689072
0.8474273186192733
0.8552436306758269
0.8490977179149032
0.8401268769668627
0.8392174128238662
0.846718201783136
0.8539883088210464
0.8481912014353628
0.8448663685895219
0.843957125134609
0.8442210961243272
0.8547186616352339
0.8498639808928413
0.838216815065231
0.8285249070527685
0.839124946403101
0.855767391276259
0.8569608506774098
0.849336400690964
0.8238652241632405
0.8271240922720623
0.8433732659504887
0.8559478227096268
0.8617179236583066
0.8504482125431173
0.8591053152637642